256 6528
0 1 82
0 10 21
0 11 15
0 14 57
0 15 26
0 18 17
0 28 22
0 32 21
0 35 9
0 36 92
0 38 83
0 39 59
0 46 89
0 54 46
0 65 16
0 72 91
0 73 18
0 75 40
0 77 12
0 85 15
0 87 56
0 89 88
0 91 13
0 99 19
0 100 32
0 102 2
0 109 87
0 119 56
0 125 38
0 139 62
0 140 16
0 151 24
0 152 70
0 161 37
0 165 44
0 172 23
0 173 45
0 185 20
0 187 74
0 188 4
0 213 26
0 217 5
0 218 97
0 219 58
0 222 44
0 225 65
0 228 46
0 235 76
0 241 32
0 246 84
1 4 17
1 7 49
1 10 27
1 17 66
1 20 61
1 23 71
1 25 98
1 41 20
1 57 79
1 58 19
1 61 91
1 62 5
1 63 29
1 81 10
1 91 5
1 94 70
1 96 57
1 103 72
1 104 41
1 105 54
1 107 82
1 119 79
1 124 34
1 129 75
1 131 97
1 136 68
1 140 55
1 143 94
1 148 36
1 157 81
1 165 54
1 166 37
1 167 27
1 175 81
1 184 61
1 186 81
1 195 8
1 204 37
1 210 28
1 216 80
1 217 76
1 232 76
1 237 100
1 238 59
1 240 20
1 246 57
1 247 37
1 248 57
1 249 88
1 252 24
1 253 90
1 255 57
2 24 83
2 25 80
2 27 13
2 28 16
2 32 99
2 35 85
2 36 97
2 49 89
2 53 76
2 55 24
2 64 33
2 65 51
2 66 10
2 68 3
2 74 11
2 81 57
2 98 16
2 101 36
2 107 30
2 108 29
2 112 68
2 131 61
2 134 17
2 136 65
2 138 19
2 141 85
2 143 74
2 147 5
2 148 82
2 149 15
2 153 57
2 154 78
2 161 72
2 171 33
2 175 38
2 179 97
2 184 68
2 189 100
2 197 16
2 199 35
2 201 77
2 205 87
2 206 76
2 222 16
2 223 42
2 228 66
2 232 52
2 242 79
2 245 6
2 248 56
2 253 7
2 254 99
3 22 16
3 26 52
3 27 98
3 30 33
3 36 50
3 37 60
3 40 87
3 46 96
3 51 33
3 54 12
3 55 75
3 61 69
3 62 63
3 67 36
3 71 17
3 73 51
3 80 61
3 83 90
3 85 49
3 89 82
3 95 42
3 97 98
3 99 44
3 108 2
3 133 97
3 140 49
3 141 55
3 147 10
3 156 16
3 162 11
3 163 49
3 166 40
3 168 45
3 174 52
3 176 9
3 183 35
3 186 98
3 200 6
3 204 85
3 208 68
3 209 32
3 213 68
3 222 96
3 229 15
3 232 46
3 236 96
3 240 86
3 241 7
3 246 66
3 254 91
4 7 88
4 12 48
4 14 6
4 42 18
4 49 50
4 56 33
4 57 68
4 59 71
4 63 44
4 64 31
4 65 80
4 67 9
4 69 55
4 72 98
4 75 89
4 79 61
4 81 61
4 82 20
4 87 30
4 90 67
4 91 73
4 95 41
4 99 71
4 110 44
4 112 53
4 113 3
4 126 97
4 129 21
4 132 31
4 135 1
4 140 88
4 142 42
4 144 31
4 151 70
4 161 5
4 163 46
4 169 84
4 177 97
4 182 87
4 204 99
4 207 7
4 208 27
4 229 17
4 230 50
4 231 25
4 233 72
4 235 24
4 242 18
4 249 100
4 255 82
5 12 42
5 16 33
5 21 83
5 30 8
5 32 75
5 37 61
5 42 73
5 46 59
5 49 40
5 51 6
5 54 99
5 58 10
5 59 39
5 60 53
5 61 69
5 64 44
5 71 79
5 100 39
5 110 38
5 114 46
5 123 41
5 124 67
5 134 31
5 135 30
5 136 88
5 138 69
5 144 12
5 147 16
5 148 47
5 154 81
5 157 27
5 163 66
5 176 96
5 177 16
5 178 75
5 188 85
5 194 72
5 195 73
5 198 44
5 201 39
5 204 69
5 206 88
5 209 18
5 211 27
5 216 28
5 218 9
5 219 32
5 235 81
5 241 83
5 245 2
6 8 75
6 10 10
6 14 28
6 17 64
6 22 19
6 23 93
6 24 41
6 29 57
6 38 81
6 47 6
6 52 52
6 54 25
6 59 36
6 64 66
6 68 2
6 75 29
6 84 20
6 85 69
6 88 70
6 89 33
6 93 62
6 94 41
6 97 2
6 99 72
6 104 95
6 108 8
6 109 10
6 114 69
6 118 65
6 122 4
6 124 57
6 127 86
6 131 92
6 139 40
6 140 91
6 144 45
6 164 44
6 165 15
6 169 58
6 170 94
6 175 73
6 177 11
6 185 78
6 187 72
6 188 18
6 189 91
6 192 69
6 207 25
6 210 35
6 214 60
6 220 38
6 229 74
6 234 20
6 235 43
6 242 72
6 247 62
6 252 31
6 254 17
7 10 94
7 13 6
7 17 77
7 25 88
7 27 38
7 31 62
7 37 75
7 45 48
7 49 7
7 51 33
7 69 95
7 70 57
7 82 73
7 84 8
7 88 88
7 92 36
7 94 83
7 95 20
7 96 35
7 100 57
7 106 82
7 109 49
7 112 23
7 121 94
7 123 61
7 128 67
7 129 39
7 137 58
7 139 99
7 143 100
7 144 1
7 149 28
7 150 86
7 158 45
7 160 77
7 165 81
7 166 4
7 168 64
7 171 70
7 172 74
7 174 61
7 175 37
7 181 88
7 184 69
7 214 83
7 220 8
7 222 50
7 223 64
7 228 49
7 241 87
7 244 64
7 245 33
7 246 38
7 250 51
8 11 45
8 12 4
8 17 3
8 22 92
8 25 7
8 26 62
8 30 50
8 38 49
8 39 43
8 43 92
8 48 35
8 49 88
8 51 94
8 53 73
8 64 55
8 72 93
8 77 86
8 79 23
8 81 57
8 82 12
8 88 63
8 102 27
8 116 3
8 119 58
8 120 82
8 123 7
8 126 34
8 130 47
8 138 23
8 139 55
8 142 59
8 147 26
8 163 99
8 164 35
8 171 29
8 179 57
8 180 33
8 186 76
8 199 7
8 203 27
8 204 19
8 210 23
8 212 98
8 214 91
8 215 93
8 217 54
8 218 5
8 231 93
8 235 5
8 241 61
8 248 52
9 15 62
9 18 49
9 21 8
9 32 44
9 35 86
9 36 61
9 41 44
9 48 8
9 66 33
9 70 85
9 77 87
9 78 43
9 83 14
9 87 41
9 88 53
9 89 47
9 90 74
9 92 66
9 97 76
9 103 17
9 108 49
9 112 9
9 113 90
9 114 38
9 116 24
9 120 73
9 122 14
9 123 70
9 125 47
9 127 93
9 132 38
9 136 17
9 137 15
9 142 89
9 148 50
9 152 25
9 156 6
9 176 86
9 186 45
9 191 52
9 196 96
9 198 5
9 200 31
9 203 73
9 205 64
9 207 72
9 212 58
9 214 14
9 222 84
9 223 4
9 226 56
9 228 63
9 231 62
9 238 19
9 245 45
9 246 57
9 252 65
9 253 14
10 12 99
10 17 73
10 23 36
10 26 47
10 32 38
10 35 91
10 36 92
10 38 45
10 41 39
10 46 78
10 56 49
10 60 99
10 68 70
10 80 57
10 82 16
10 85 32
10 93 57
10 98 54
10 101 80
10 107 47
10 112 73
10 115 41
10 127 81
10 130 98
10 137 50
10 142 85
10 145 96
10 146 80
10 147 39
10 150 7
10 151 44
10 159 22
10 161 89
10 166 68
10 167 91
10 171 95
10 174 89
10 177 94
10 188 86
10 191 97
10 197 62
10 198 22
10 218 51
10 226 47
10 231 64
10 233 15
10 255 66
11 12 57
11 19 5
11 26 33
11 33 52
11 39 1
11 41 79
11 50 82
11 53 75
11 55 40
11 59 5
11 62 20
11 70 39
11 71 40
11 73 15
11 84 5
11 88 48
11 92 76
11 95 8
11 96 63
11 104 39
11 116 70
11 122 90
11 123 17
11 131 38
11 135 20
11 136 10
11 140 13
11 144 54
11 149 12
11 152 42
11 160 3
11 162 85
11 165 4
11 167 20
11 168 18
11 179 54
11 184 20
11 185 100
11 192 45
11 196 69
11 210 14
11 214 19
11 215 14
11 216 17
11 217 80
11 218 18
11 220 77
11 228 28
11 238 66
11 243 50
11 248 7
12 27 98
12 29 26
12 35 84
12 44 1
12 61 79
12 63 87
12 67 47
12 69 82
12 72 36
12 87 67
12 97 38
12 98 24
12 99 72
12 130 67
12 131 17
12 133 63
12 136 57
12 157 64
12 163 15
12 172 68
12 175 84
12 176 74
12 177 87
12 178 14
12 198 28
12 202 36
12 215 16
12 224 98
12 233 74
12 234 79
12 242 99
12 245 31
12 252 47
13 15 41
13 21 6
13 32 100
13 33 21
13 41 99
13 45 56
13 49 48
13 50 43
13 79 76
13 90 49
13 99 33
13 105 87
13 110 88
13 114 59
13 122 24
13 125 64
13 136 6
13 141 37
13 144 64
13 145 97
13 154 6
13 159 70
13 161 71
13 162 20
13 166 55
13 167 64
13 169 12
13 171 81
13 173 48
13 196 73
13 197 42
13 199 82
13 201 84
13 205 2
13 206 39
13 215 52
13 216 5
13 217 6
13 221 30
13 236 54
13 237 53
13 246 64
13 248 15
13 249 55
13 251 13
13 255 1
14 15 1
14 31 7
14 32 27
14 36 67
14 41 59
14 44 36
14 60 80
14 61 41
14 70 99
14 81 88
14 90 45
14 92 1
14 97 3
14 99 90
14 105 86
14 107 74
14 112 44
14 117 10
14 123 12
14 124 53
14 125 44
14 146 58
14 151 18
14 153 95
14 154 59
14 162 64
14 166 15
14 170 77
14 174 22
14 191 95
14 192 31
14 195 16
14 200 46
14 206 82
14 217 25
14 221 84
14 223 62
14 232 60
14 234 100
14 235 92
14 236 94
14 240 68
14 243 14
14 245 34
15 16 50
15 17 16
15 19 14
15 21 81
15 38 42
15 43 66
15 45 15
15 63 70
15 76 26
15 83 49
15 85 81
15 106 37
15 109 1
15 114 81
15 122 25
15 125 42
15 133 52
15 136 64
15 137 53
15 139 22
15 141 25
15 145 10
15 150 26
15 157 21
15 158 81
15 161 60
15 166 12
15 169 22
15 171 98
15 179 4
15 184 24
15 185 74
15 186 44
15 193 93
15 195 71
15 197 73
15 199 3
15 201 29
15 206 65
15 208 48
15 209 63
15 210 57
15 211 38
15 214 36
15 216 40
15 218 76
15 219 65
15 221 97
15 223 21
15 231 57
15 233 90
15 242 64
15 247 6
16 17 87
16 26 10
16 29 57
16 31 6
16 35 21
16 36 23
16 44 4
16 47 68
16 48 88
16 49 38
16 53 70
16 62 29
16 63 57
16 65 13
16 79 27
16 80 31
16 82 52
16 86 45
16 91 19
16 94 11
16 95 89
16 103 33
16 109 86
16 116 91
16 118 11
16 122 97
16 128 46
16 136 59
16 138 76
16 147 80
16 148 85
16 153 79
16 155 33
16 156 47
16 157 48
16 159 75
16 163 57
16 171 50
16 173 12
16 176 82
16 185 3
16 189 88
16 199 46
16 218 66
16 219 81
16 220 70
16 224 77
16 225 46
16 232 6
16 233 62
16 236 87
16 237 72
16 243 72
16 244 73
16 247 46
16 249 34
16 254 53
17 19 65
17 20 45
17 27 84
17 34 80
17 35 72
17 38 34
17 48 72
17 51 12
17 59 67
17 60 75
17 61 34
17 66 96
17 75 4
17 84 15
17 86 13
17 87 84
17 91 69
17 95 93
17 100 49
17 107 37
17 109 25
17 110 30
17 111 48
17 112 93
17 113 87
17 114 9
17 118 27
17 123 100
17 127 3
17 133 66
17 137 59
17 142 29
17 156 5
17 158 32
17 162 73
17 165 22
17 170 13
17 172 21
17 178 88
17 193 11
17 209 25
17 210 20
17 219 65
17 220 49
17 228 14
17 231 30
17 234 14
17 243 91
17 249 38
18 19 9
18 23 6
18 26 65
18 29 25
18 31 23
18 33 38
18 36 44
18 38 83
18 51 10
18 58 75
18 64 28
18 65 22
18 80 14
18 83 64
18 84 86
18 86 81
18 94 42
18 98 69
18 113 5
18 123 96
18 125 96
18 126 47
18 132 73
18 161 60
18 165 96
18 183 21
18 189 50
18 192 70
18 194 80
18 204 81
18 206 93
18 209 17
18 211 81
18 229 4
18 230 49
18 236 96
18 238 81
18 239 33
18 246 1
18 253 82
19 31 6
19 33 28
19 41 36
19 51 11
19 52 84
19 57 67
19 62 55
19 66 100
19 68 10
19 75 25
19 81 26
19 88 99
19 90 89
19 94 48
19 95 44
19 98 94
19 102 96
19 110 47
19 113 59
19 114 86
19 115 40
19 119 36
19 120 38
19 123 60
19 125 39
19 132 77
19 134 19
19 135 15
19 139 39
19 143 3
19 144 55
19 145 16
19 151 65
19 157 87
19 161 95
19 162 85
19 168 22
19 169 61
19 181 9
19 182 51
19 186 28
19 192 31
19 205 31
19 207 94
19 208 35
19 211 20
19 212 56
19 216 96
19 219 80
19 232 71
19 239 75
19 253 23
19 255 44
20 21 69
20 24 27
20 27 31
20 28 83
20 32 41
20 35 49
20 44 53
20 45 35
20 49 90
20 54 1
20 55 64
20 60 9
20 69 7
20 80 35
20 86 30
20 94 72
20 100 11
20 104 16
20 105 100
20 107 66
20 114 38
20 117 5
20 119 1
20 134 26
20 142 5
20 144 5
20 159 88
20 165 23
20 179 44
20 194 35
20 200 58
20 201 1
20 218 58
20 224 67
20 228 49
21 22 92
21 26 25
21 28 72
21 29 63
21 31 93
21 41 94
21 43 8
21 45 20
21 55 48
21 64 65
21 68 57
21 71 80
21 72 8
21 85 44
21 86 2
21 87 57
21 88 86
21 91 83
21 95 59
21 99 55
21 102 100
21 107 52
21 109 75
21 112 11
21 114 100
21 115 30
21 122 10
21 131 1
21 132 7
21 133 68
21 135 65
21 139 7
21 140 69
21 143 45
21 147 42
21 152 96
21 162 95
21 163 45
21 182 90
21 198 45
21 200 54
21 210 54
21 213 55
21 216 8
21 217 41
21 218 30
21 227 31
21 231 46
21 232 37
21 240 96
21 243 57
21 247 68
21 254 60
22 27 13
22 28 97
22 36 72
22 45 81
22 46 72
22 62 76
22 68 6
22 72 39
22 76 48
22 79 55
22 88 1
22 94 20
22 109 71
22 115 99
22 123 64
22 129 100
22 133 64
22 141 99
22 157 28
22 172 56
22 179 95
22 188 37
22 190 6
22 195 52
22 198 91
22 199 68
22 214 10
22 215 47
22 228 86
22 233 32
22 242 84
22 243 47
22 245 43
23 25 41
23 29 70
23 33 54
23 48 14
23 51 31
23 59 7
23 61 86
23 62 10
23 64 82
23 65 95
23 67 66
23 73 62
23 93 32
23 96 58
23 103 27
23 112 34
23 118 69
23 120 78
23 132 71
23 134 60
23 136 60
23 138 76
23 148 37
23 159 45
23 164 45
23 166 46
23 171 3
23 172 48
23 178 18
23 185 34
23 186 35
23 189 98
23 192 19
23 204 73
23 208 60
23 219 6
23 233 4
23 241 65
24 25 43
24 27 4
24 28 30
24 29 21
24 36 46
24 39 45
24 41 31
24 53 17
24 59 39
24 62 81
24 68 58
24 71 41
24 78 80
24 81 37
24 85 10
24 94 32
24 97 88
24 114 5
24 119 50
24 120 88
24 123 21
24 125 48
24 127 72
24 131 38
24 133 46
24 139 97
24 141 73
24 145 71
24 150 96
24 154 30
24 155 90
24 156 89
24 167 11
24 169 51
24 172 17
24 174 14
24 179 33
24 182 100
24 183 23
24 187 17
24 193 28
24 195 75
24 196 49
24 203 31
24 208 9
24 212 46
24 215 93
24 216 89
24 225 7
24 228 45
24 229 83
24 235 42
24 237 45
24 238 27
24 240 83
24 254 53
25 36 10
25 38 62
25 39 12
25 42 74
25 44 48
25 46 14
25 59 25
25 60 76
25 64 18
25 70 19
25 90 77
25 101 82
25 107 54
25 109 67
25 128 100
25 131 95
25 133 14
25 135 100
25 137 50
25 139 28
25 141 6
25 146 77
25 147 66
25 149 85
25 151 98
25 164 39
25 170 83
25 173 81
25 179 53
25 182 23
25 184 20
25 188 36
25 190 40
25 194 19
25 201 82
25 205 47
25 214 24
25 215 100
25 218 37
25 221 48
25 227 52
25 228 61
25 234 100
25 235 87
25 240 90
25 241 67
25 242 69
25 252 44
25 255 10
26 27 86
26 35 29
26 44 11
26 47 14
26 48 45
26 56 50
26 60 45
26 62 16
26 69 96
26 76 86
26 87 41
26 92 6
26 106 68
26 112 62
26 115 38
26 119 70
26 136 96
26 138 61
26 139 5
26 144 82
26 146 80
26 147 12
26 157 54
26 167 82
26 174 38
26 178 29
26 179 79
26 181 79
26 182 90
26 184 72
26 190 60
26 200 11
26 202 51
26 211 25
26 217 93
26 219 74
26 226 45
26 236 37
26 244 27
26 252 19
27 28 10
27 32 54
27 33 79
27 43 90
27 45 13
27 47 75
27 48 30
27 54 72
27 55 7
27 58 39
27 60 21
27 63 70
27 64 68
27 71 56
27 73 21
27 83 20
27 85 3
27 96 35
27 104 90
27 106 70
27 109 98
27 117 15
27 121 86
27 124 36
27 128 73
27 129 28
27 130 8
27 133 74
27 136 89
27 139 18
27 145 20
27 157 50
27 159 20
27 185 90
27 191 63
27 197 49
27 214 98
27 216 35
27 220 1
27 221 26
27 225 65
27 230 77
27 232 1
27 238 76
27 244 12
27 245 85
27 247 17
28 29 88
28 30 10
28 31 30
28 32 99
28 38 4
28 41 24
28 47 73
28 48 83
28 52 63
28 54 7
28 59 85
28 71 17
28 86 52
28 91 33
28 114 27
28 115 65
28 118 25
28 121 28
28 124 62
28 130 8
28 142 74
28 143 23
28 145 63
28 154 42
28 161 53
28 169 3
28 189 46
28 192 31
28 198 85
28 200 83
28 207 3
28 210 29
28 214 86
28 216 66
28 218 98
28 220 8
28 222 2
28 230 75
28 235 86
28 236 22
28 238 67
28 246 53
28 248 19
28 252 44
29 44 33
29 48 52
29 58 58
29 59 2
29 66 2
29 73 33
29 80 16
29 82 44
29 84 64
29 89 92
29 92 84
29 93 3
29 107 92
29 108 33
29 110 53
29 113 59
29 116 85
29 120 67
29 126 75
29 132 55
29 150 7
29 155 88
29 159 32
29 165 70
29 169 76
29 173 12
29 175 34
29 182 91
29 184 7
29 185 38
29 189 33
29 203 44
29 204 65
29 214 50
29 220 20
29 225 91
29 226 8
29 229 3
29 244 53
29 247 80
30 33 69
30 50 63
30 53 81
30 54 39
30 56 72
30 57 56
30 60 90
30 69 22
30 72 62
30 80 43
30 81 28
30 93 88
30 99 33
30 117 31
30 122 81
30 127 26
30 136 97
30 145 54
30 148 40
30 150 44
30 151 96
30 153 33
30 155 24
30 156 64
30 160 94
30 163 85
30 164 92
30 194 56
30 202 4
30 208 51
30 217 19
30 227 79
30 232 63
30 238 23
30 242 33
30 250 42
31 37 48
31 47 97
31 51 59
31 54 29
31 59 77
31 65 43
31 68 55
31 70 60
31 76 47
31 77 5
31 78 8
31 90 25
31 91 7
31 94 53
31 101 29
31 112 92
31 113 48
31 118 84
31 119 47
31 127 14
31 129 72
31 135 47
31 145 76
31 150 17
31 151 52
31 155 98
31 160 14
31 165 66
31 176 47
31 185 58
31 187 41
31 188 84
31 193 55
31 196 43
31 197 82
31 204 13
31 208 15
31 214 11
31 218 2
31 237 76
31 246 58
31 248 77
31 251 56
31 254 9
32 45 14
32 49 34
32 56 12
32 67 38
32 68 24
32 72 2
32 73 64
32 74 54
32 76 78
32 82 94
32 83 2
32 85 32
32 88 52
32 91 3
32 103 76
32 106 45
32 107 13
32 109 52
32 119 26
32 125 69
32 126 76
32 129 4
32 131 90
32 139 28
32 141 19
32 142 5
32 144 37
32 147 47
32 154 35
32 156 13
32 172 78
32 177 63
32 181 53
32 193 50
32 197 50
32 205 38
32 214 84
32 217 46
32 225 97
32 226 9
32 228 53
32 230 96
32 233 96
32 234 4
32 244 71
32 247 74
33 34 70
33 37 16
33 38 85
33 41 52
33 46 86
33 47 16
33 49 53
33 50 78
33 59 42
33 84 87
33 87 24
33 94 8
33 96 72
33 99 97
33 118 34
33 121 77
33 128 65
33 135 88
33 136 96
33 141 38
33 155 98
33 167 53
33 178 88
33 182 40
33 193 66
33 199 36
33 203 35
33 209 87
33 211 25
33 218 28
33 224 69
33 225 85
33 229 7
33 237 24
33 240 88
33 243 65
34 35 50
34 38 8
34 41 4
34 44 29
34 53 74
34 62 3
34 72 78
34 79 27
34 80 67
34 83 62
34 84 33
34 86 88
34 94 74
34 97 53
34 101 54
34 104 67
34 112 76
34 118 32
34 122 88
34 124 72
34 131 25
34 133 80
34 137 78
34 139 55
34 145 75
34 151 36
34 154 76
34 156 54
34 166 20
34 167 50
34 177 76
34 182 73
34 184 30
34 187 27
34 197 48
34 198 90
34 203 56
34 204 69
34 208 46
34 212 26
34 217 96
34 222 85
34 233 85
34 237 20
34 245 66
34 246 100
34 247 8
35 48 10
35 62 42
35 66 73
35 77 16
35 93 19
35 98 64
35 99 81
35 104 5
35 111 26
35 112 40
35 120 56
35 123 96
35 124 98
35 130 61
35 132 19
35 133 5
35 135 6
35 136 93
35 137 94
35 155 70
35 163 19
35 175 63
35 188 61
35 193 80
35 197 46
35 200 70
35 215 1
35 219 36
35 223 45
35 238 54
35 239 44
35 241 68
36 45 51
36 48 74
36 50 26
36 58 87
36 62 96
36 73 12
36 90 65
36 91 50
36 92 71
36 93 79
36 94 72
36 95 47
36 101 86
36 104 19
36 105 15
36 109 87
36 117 77
36 122 56
36 123 25
36 125 59
36 126 14
36 131 65
36 144 8
36 145 79
36 146 14
36 148 63
36 159 56
36 163 62
36 166 100
36 170 71
36 171 2
36 179 70
36 181 31
36 183 42
36 185 16
36 195 38
36 200 56
36 204 32
36 212 55
36 213 90
36 215 4
36 222 68
36 223 13
36 224 5
36 225 78
36 229 35
36 230 19
36 231 14
36 233 28
36 237 41
36 239 26
36 251 40
37 41 43
37 44 56
37 48 86
37 49 64
37 50 62
37 56 71
37 61 22
37 63 30
37 77 55
37 84 28
37 86 65
37 91 80
37 96 76
37 108 50
37 114 92
37 117 86
37 120 12
37 121 77
37 124 19
37 133 65
37 138 1
37 144 42
37 156 53
37 167 73
37 171 17
37 189 99
37 196 27
37 203 49
37 205 57
37 207 35
37 213 59
37 215 71
37 218 35
37 222 68
37 252 6
38 44 27
38 46 76
38 49 90
38 57 52
38 71 84
38 78 72
38 79 2
38 81 41
38 86 70
38 87 92
38 88 40
38 96 74
38 98 5
38 99 2
38 104 19
38 105 63
38 110 93
38 122 16
38 129 7
38 147 13
38 150 38
38 152 15
38 153 94
38 155 6
38 161 34
38 166 75
38 179 18
38 181 7
38 189 1
38 192 92
38 194 81
38 209 83
38 211 48
38 217 64
38 224 27
38 230 89
38 236 32
38 240 18
38 242 83
38 247 79
38 253 43
38 254 89
38 255 6
39 40 46
39 41 92
39 66 26
39 75 9
39 78 91
39 83 7
39 84 45
39 93 36
39 97 42
39 102 17
39 109 26
39 113 48
39 120 14
39 124 85
39 130 38
39 132 81
39 136 80
39 139 7
39 145 45
39 150 27
39 151 98
39 153 77
39 155 21
39 156 80
39 164 70
39 165 15
39 166 100
39 172 81
39 177 51
39 194 60
39 195 18
39 196 79
39 198 13
39 202 80
39 203 70
39 205 63
39 208 40
39 219 71
39 220 63
39 224 4
39 231 47
39 238 81
39 239 57
39 241 50
39 242 36
39 244 79
39 251 65
39 253 24
40 41 78
40 43 9
40 45 33
40 51 61
40 52 26
40 73 32
40 74 92
40 87 50
40 93 45
40 97 60
40 107 37
40 109 89
40 110 50
40 111 95
40 113 26
40 118 69
40 126 97
40 133 79
40 138 53
40 153 77
40 157 6
40 171 67
40 174 20
40 175 42
40 185 39
40 188 24
40 198 4
40 201 83
40 208 75
40 209 19
40 213 9
40 218 61
40 219 71
40 220 74
40 223 82
40 229 74
40 233 57
40 247 79
40 254 62
40 255 38
41 42 22
41 48 62
41 50 75
41 51 41
41 57 56
41 61 62
41 64 39
41 74 12
41 80 55
41 85 55
41 89 91
41 91 87
41 94 56
41 109 49
41 112 78
41 116 52
41 121 59
41 129 68
41 134 76
41 143 68
41 159 13
41 162 96
41 169 61
41 171 26
41 178 87
41 186 49
41 194 44
41 197 86
41 204 1
41 213 10
41 229 93
41 230 100
41 233 48
41 235 62
41 236 87
41 240 73
41 246 51
41 248 24
42 43 69
42 46 75
42 47 7
42 49 2
42 53 68
42 55 95
42 61 92
42 62 86
42 66 59
42 67 84
42 69 100
42 71 51
42 85 91
42 92 49
42 99 23
42 106 29
42 114 22
42 122 83
42 135 93
42 136 5
42 140 50
42 143 1
42 144 72
42 148 70
42 151 5
42 157 75
42 158 57
42 168 94
42 170 13
42 171 87
42 172 45
42 174 56
42 177 14
42 183 22
42 185 17
42 186 65
42 187 3
42 192 9
42 196 11
42 198 29
42 201 90
42 206 31
42 212 64
42 213 37
42 218 37
42 222 65
42 226 92
42 230 38
42 233 83
42 234 5
42 239 20
42 241 38
42 248 49
42 251 43
42 252 9
42 253 10
43 44 55
43 51 91
43 52 19
43 55 52
43 62 99
43 64 62
43 66 78
43 68 49
43 82 11
43 86 97
43 95 62
43 103 25
43 105 5
43 107 10
43 111 76
43 113 29
43 115 37
43 118 54
43 137 3
43 143 30
43 146 54
43 150 82
43 154 32
43 171 9
43 173 28
43 174 6
43 180 95
43 181 16
43 184 49
43 188 36
43 191 44
43 197 83
43 204 96
43 211 83
43 218 93
43 230 15
43 236 16
43 241 9
43 253 2
44 53 2
44 59 2
44 68 95
44 70 85
44 72 77
44 75 43
44 78 56
44 82 69
44 83 28
44 85 93
44 86 90
44 90 57
44 91 12
44 97 59
44 103 12
44 106 61
44 110 37
44 117 53
44 141 91
44 144 17
44 146 95
44 157 22
44 160 54
44 162 70
44 163 8
44 167 49
44 173 77
44 178 2
44 180 12
44 191 30
44 200 65
44 202 14
44 209 84
44 212 76
44 219 52
44 226 88
44 231 80
44 233 4
44 234 62
44 236 30
44 241 22
44 249 21
44 255 58
45 46 20
45 53 84
45 55 65
45 57 83
45 58 93
45 64 35
45 73 50
45 78 53
45 83 99
45 88 9
45 94 59
45 99 64
45 100 6
45 102 61
45 116 81
45 123 24
45 124 3
45 130 43
45 132 53
45 133 32
45 152 7
45 154 83
45 155 12
45 157 89
45 159 1
45 168 84
45 170 93
45 176 22
45 177 80
45 179 94
45 189 20
45 190 56
45 192 93
45 198 90
45 201 47
45 206 70
45 208 14
45 210 77
45 211 11
45 212 74
45 222 76
45 227 39
45 234 35
45 241 10
45 242 65
45 248 23
45 249 7
45 253 62
46 63 57
46 69 70
46 70 15
46 73 37
46 78 89
46 79 93
46 92 60
46 97 35
46 103 71
46 112 72
46 117 8
46 126 40
46 128 98
46 133 68
46 134 46
46 142 42
46 144 94
46 150 48
46 162 34
46 164 68
46 168 90
46 174 45
46 185 74
46 191 22
46 196 69
46 210 37
46 215 94
46 221 39
46 223 35
46 227 9
46 231 69
46 232 92
46 234 95
46 236 82
46 240 29
46 242 13
46 245 43
46 251 37
46 252 28
47 49 91
47 59 35
47 64 76
47 78 58
47 90 22
47 92 65
47 93 25
47 94 53
47 101 15
47 107 56
47 108 90
47 111 78
47 115 63
47 121 56
47 124 18
47 133 59
47 139 59
47 142 7
47 148 5
47 151 55
47 156 78
47 162 9
47 163 95
47 173 49
47 175 35
47 192 20
47 193 72
47 200 97
47 202 29
47 204 87
47 214 5
47 215 86
47 216 23
47 218 4
47 222 59
47 224 40
47 225 77
47 240 92
47 243 71
47 249 41
47 251 72
47 255 57
48 55 65
48 56 44
48 57 53
48 66 4
48 77 2
48 81 12
48 83 24
48 84 100
48 88 19
48 89 40
48 90 12
48 107 38
48 111 67
48 115 80
48 129 5
48 130 68
48 135 65
48 136 83
48 139 16
48 151 91
48 153 90
48 161 30
48 166 6
48 170 87
48 173 99
48 176 51
48 184 29
48 189 61
48 192 17
48 195 42
48 202 100
48 203 54
48 205 6
48 217 5
48 218 24
48 220 61
48 222 37
48 225 87
48 228 67
48 231 12
48 232 96
48 239 42
48 244 84
48 245 92
48 247 9
48 250 68
48 253 18
48 254 92
49 54 24
49 59 69
49 62 16
49 65 35
49 67 34
49 70 14
49 71 4
49 72 85
49 75 69
49 84 44
49 85 13
49 88 10
49 91 48
49 92 45
49 99 21
49 104 63
49 106 94
49 111 74
49 118 78
49 121 70
49 125 96
49 140 82
49 143 39
49 149 97
49 151 82
49 154 99
49 157 90
49 161 95
49 163 79
49 166 43
49 167 20
49 168 50
49 174 58
49 180 55
49 182 41
49 188 77
49 197 70
49 203 95
49 204 52
49 210 80
49 214 97
49 215 4
49 217 26
49 227 90
49 240 91
49 244 78
49 247 58
49 248 100
49 249 84
50 51 92
50 66 70
50 72 60
50 75 43
50 78 65
50 81 83
50 91 4
50 93 36
50 96 37
50 106 50
50 109 98
50 117 58
50 131 30
50 136 76
50 142 61
50 143 64
50 145 40
50 147 45
50 150 77
50 152 40
50 169 1
50 170 28
50 172 87
50 175 72
50 195 71
50 203 81
50 205 45
50 207 52
50 208 14
50 217 95
50 223 77
50 226 84
50 231 93
50 232 2
50 235 82
50 238 23
50 243 81
50 245 39
50 254 92
51 58 7
51 62 78
51 63 75
51 66 67
51 68 41
51 70 27
51 72 55
51 85 90
51 86 81
51 88 98
51 99 67
51 102 86
51 103 65
51 111 86
51 117 24
51 129 85
51 137 7
51 138 10
51 139 61
51 162 12
51 164 84
51 173 18
51 177 74
51 185 94
51 186 35
51 187 55
51 199 57
51 210 38
51 211 11
51 218 6
51 221 73
51 225 26
51 229 45
51 234 94
51 239 59
51 248 69
51 251 95
52 65 92
52 72 96
52 77 19
52 88 47
52 91 69
52 93 41
52 94 62
52 103 92
52 104 73
52 113 30
52 119 8
52 123 70
52 127 23
52 131 65
52 132 95
52 145 23
52 150 85
52 152 35
52 153 55
52 154 44
52 161 51
52 167 7
52 176 6
52 184 7
52 191 57
52 192 23
52 195 18
52 198 43
52 206 53
52 211 76
52 212 94
52 213 9
52 219 38
52 223 51
52 227 15
52 237 22
52 240 67
52 241 37
52 244 51
52 253 1
52 255 10
53 56 43
53 58 83
53 61 91
53 62 31
53 66 72
53 73 24
53 74 48
53 75 16
53 85 71
53 89 79
53 92 54
53 95 98
53 96 17
53 109 61
53 110 71
53 112 48
53 113 1
53 114 55
53 118 6
53 125 41
53 126 51
53 127 54
53 128 74
53 129 44
53 130 81
53 133 7
53 135 87
53 137 68
53 140 44
53 142 23
53 144 19
53 151 59
53 153 64
53 158 79
53 159 39
53 165 78
53 171 72
53 178 56
53 186 49
53 221 89
53 228 41
53 230 55
53 231 45
53 235 72
53 236 27
53 240 39
53 241 98
53 247 68
53 253 90
53 255 25
54 55 79
54 60 33
54 71 1
54 74 29
54 78 72
54 87 70
54 96 85
54 115 70
54 116 13
54 126 74
54 130 4
54 131 93
54 136 56
54 139 66
54 145 91
54 151 17
54 152 91
54 161 70
54 167 47
54 181 10
54 186 61
54 201 39
54 212 86
54 214 87
54 220 40
54 234 85
54 240 2
54 241 73
54 244 40
54 246 7
54 252 92
55 63 68
55 71 48
55 85 56
55 87 34
55 98 81
55 99 50
55 101 74
55 110 74
55 117 39
55 124 69
55 131 82
55 134 8
55 146 70
55 150 73
55 151 43
55 155 61
55 156 83
55 159 66
55 160 63
55 166 38
55 167 21
55 175 15
55 178 82
55 179 33
55 181 35
55 184 73
55 186 36
55 191 70
55 197 88
55 201 33
55 203 98
55 204 8
55 205 23
55 208 39
55 213 92
55 218 89
55 220 19
55 223 100
55 226 30
55 228 61
56 58 47
56 69 37
56 71 58
56 77 71
56 85 46
56 93 97
56 95 35
56 96 70
56 97 57
56 116 39
56 122 61
56 125 90
56 131 15
56 132 86
56 139 24
56 140 34
56 157 50
56 159 31
56 168 32
56 171 61
56 181 51
56 189 62
56 190 50
56 191 66
56 200 48
56 216 98
56 217 64
56 220 30
56 222 82
56 224 15
56 225 18
56 230 38
56 231 87
56 235 78
56 239 24
56 241 38
56 242 64
56 244 75
56 247 46
56 249 89
56 254 23
57 66 96
57 72 75
57 76 82
57 80 62
57 81 32
57 91 20
57 99 45
57 102 7
57 103 31
57 109 8
57 110 34
57 113 94
57 127 21
57 128 75
57 130 91
57 139 61
57 151 20
57 153 15
57 154 66
57 157 77
57 161 9
57 163 44
57 175 48
57 178 52
57 181 19
57 188 47
57 192 9
57 197 37
57 203 56
57 206 70
57 210 35
57 219 12
57 224 3
57 226 71
57 231 91
57 236 93
57 242 85
57 243 58
57 245 10
58 70 42
58 78 58
58 90 24
58 93 65
58 104 27
58 114 35
58 118 36
58 119 6
58 121 24
58 123 91
58 130 41
58 132 37
58 133 32
58 135 50
58 151 71
58 154 16
58 160 56
58 161 15
58 172 98
58 178 80
58 181 59
58 187 36
58 195 67
58 201 22
58 204 25
58 208 49
58 212 79
58 215 35
58 216 1
58 232 20
58 238 93
58 248 45
58 250 29
58 251 94
59 63 57
59 68 14
59 80 76
59 83 59
59 88 81
59 89 28
59 96 91
59 99 65
59 103 8
59 105 19
59 107 56
59 123 43
59 125 13
59 131 98
59 132 69
59 133 48
59 145 18
59 148 72
59 150 11
59 157 55
59 167 38
59 169 78
59 179 50
59 187 60
59 192 34
59 195 82
59 196 48
59 198 85
59 199 29
59 201 32
59 213 7
59 215 26
59 216 4
59 218 45
59 220 12
59 226 99
59 232 81
59 235 38
59 239 83
59 242 57
59 243 30
59 247 7
59 248 70
59 250 83
59 252 30
60 74 3
60 75 8
60 86 63
60 90 42
60 94 39
60 96 68
60 102 70
60 104 28
60 109 34
60 115 63
60 116 66
60 117 14
60 119 70
60 122 46
60 125 40
60 132 13
60 139 21
60 145 23
60 146 9
60 148 94
60 149 65
60 153 50
60 154 1
60 167 82
60 172 59
60 190 98
60 203 90
60 211 96
60 217 24
60 225 53
60 229 50
60 231 73
60 232 98
60 240 17
60 242 47
60 248 86
60 255 64
61 66 34
61 70 76
61 72 72
61 75 79
61 84 27
61 107 95
61 110 63
61 113 48
61 114 65
61 115 46
61 132 56
61 140 94
61 141 17
61 147 65
61 151 89
61 155 53
61 157 11
61 168 44
61 182 6
61 183 24
61 184 27
61 185 75
61 190 54
61 191 36
61 192 15
61 195 40
61 222 94
61 224 88
61 230 21
61 237 3
61 240 86
61 249 44
62 63 83
62 65 50
62 68 47
62 80 59
62 83 72
62 89 65
62 94 14
62 98 2
62 108 45
62 109 40
62 110 70
62 124 48
62 136 68
62 139 74
62 144 46
62 147 92
62 152 74
62 154 54
62 181 45
62 184 37
62 190 62
62 191 35
62 208 91
62 215 34
62 219 68
62 223 67
62 227 42
62 235 48
62 240 35
62 243 97
62 247 99
62 248 26
62 252 86
62 253 34
62 255 96
63 68 55
63 69 72
63 75 44
63 77 89
63 78 1
63 83 54
63 84 5
63 91 76
63 94 38
63 95 73
63 97 75
63 99 23
63 100 5
63 102 97
63 103 99
63 107 20
63 108 93
63 111 92
63 132 67
63 137 2
63 141 81
63 142 74
63 148 13
63 153 15
63 156 83
63 159 100
63 161 30
63 169 45
63 173 13
63 175 52
63 179 73
63 180 63
63 182 77
63 183 11
63 187 13
63 188 46
63 201 86
63 204 88
63 210 33
63 211 49
63 220 13
63 222 46
63 223 79
63 224 74
63 251 39
63 253 11
63 255 42
64 67 5
64 68 89
64 70 96
64 85 36
64 87 49
64 92 38
64 95 30
64 99 23
64 107 9
64 112 94
64 119 60
64 123 98
64 134 39
64 141 8
64 145 78
64 146 81
64 151 6
64 163 38
64 168 27
64 170 90
64 184 89
64 185 34
64 188 99
64 196 80
64 200 64
64 208 79
64 211 16
64 212 46
64 218 67
64 220 43
64 223 2
64 227 40
64 228 36
64 234 43
64 238 51
64 240 99
64 241 70
65 66 90
65 69 30
65 71 84
65 72 3
65 76 8
65 77 41
65 82 6
65 83 65
65 96 62
65 110 11
65 111 2
65 112 17
65 115 67
65 117 60
65 118 73
65 119 21
65 120 35
65 126 16
65 132 35
65 133 9
65 138 50
65 139 39
65 140 4
65 146 90
65 149 89
65 155 48
65 159 31
65 162 24
65 174 80
65 177 43
65 184 69
65 191 22
65 201 36
65 203 24
65 207 18
65 214 26
65 220 36
65 227 17
65 236 30
65 255 7
66 69 52
66 76 97
66 77 69
66 84 14
66 87 61
66 88 84
66 91 60
66 93 15
66 102 87
66 105 19
66 106 85
66 109 68
66 111 42
66 114 56
66 122 19
66 124 63
66 131 67
66 136 16
66 141 76
66 145 29
66 147 99
66 148 51
66 154 26
66 157 12
66 165 29
66 193 71
66 200 49
66 202 48
66 207 51
66 208 38
66 213 55
66 214 27
66 223 96
66 226 25
66 227 86
66 232 13
66 233 72
66 242 56
66 254 12
67 71 22
67 74 56
67 78 88
67 79 77
67 81 58
67 84 39
67 97 2
67 103 40
67 107 19
67 114 34
67 116 63
67 117 32
67 132 73
67 133 30
67 138 24
67 144 68
67 149 80
67 151 99
67 153 93
67 166 43
67 171 19
67 177 37
67 187 24
67 188 82
67 197 32
67 200 4
67 201 55
67 206 60
67 211 43
67 213 77
67 215 91
67 218 18
67 221 6
67 223 60
67 225 92
67 232 35
67 233 60
67 238 6
68 71 13
68 75 94
68 78 83
68 79 85
68 84 97
68 86 25
68 89 31
68 99 50
68 108 20
68 110 36
68 119 87
68 120 32
68 121 87
68 127 49
68 136 27
68 141 20
68 142 51
68 146 74
68 147 8
68 153 46
68 154 24
68 155 58
68 157 96
68 169 15
68 170 69
68 174 58
68 178 57
68 180 8
68 182 28
68 194 17
68 197 28
68 199 78
68 204 49
68 207 29
68 214 28
68 219 76
68 231 42
68 233 49
68 235 16
68 237 45
68 244 56
68 249 25
69 83 92
69 88 85
69 95 71
69 99 86
69 101 47
69 105 65
69 124 42
69 126 80
69 135 64
69 146 15
69 150 41
69 154 56
69 161 98
69 163 3
69 164 48
69 166 95
69 170 86
69 171 74
69 184 26
69 187 51
69 190 15
69 192 58
69 195 49
69 196 7
69 204 51
69 217 100
69 227 29
69 235 96
69 236 2
70 71 60
70 72 25
70 73 2
70 79 7
70 83 11
70 84 42
70 86 24
70 98 68
70 102 2
70 103 52
70 115 43
70 122 92
70 126 69
70 129 84
70 133 56
70 136 84
70 140 7
70 151 99
70 154 28
70 157 99
70 163 95
70 167 99
70 168 46
70 192 99
70 194 93
70 195 84
70 199 50
70 205 71
70 206 38
70 208 14
70 209 91
70 211 21
70 221 91
70 237 66
70 241 1
70 244 77
70 252 61
70 253 17
70 254 19
71 80 70
71 92 40
71 93 80
71 99 3
71 100 98
71 102 86
71 103 27
71 104 55
71 114 66
71 117 96
71 124 32
71 134 87
71 136 54
71 138 6
71 139 94
71 153 16
71 169 53
71 170 6
71 179 6
71 180 84
71 182 36
71 184 31
71 185 36
71 193 47
71 204 68
71 205 19
71 225 40
71 231 43
71 232 13
71 234 69
71 242 63
71 253 72
72 75 18
72 80 86
72 83 2
72 86 16
72 93 40
72 100 2
72 102 90
72 103 100
72 104 22
72 109 12
72 112 35
72 114 65
72 116 61
72 118 26
72 121 32
72 130 78
72 146 7
72 149 50
72 150 19
72 154 23
72 161 25
72 162 44
72 163 85
72 175 18
72 179 76
72 186 12
72 198 91
72 206 41
72 212 41
72 213 44
72 216 87
72 220 6
72 222 55
72 233 89
72 239 5
72 241 60
72 243 98
72 247 44
72 254 35
73 77 5
73 80 88
73 82 55
73 83 98
73 84 58
73 92 59
73 93 44
73 95 65
73 97 99
73 105 99
73 111 79
73 112 73
73 115 20
73 122 67
73 130 72
73 132 13
73 139 66
73 144 27
73 145 32
73 165 97
73 166 73
73 169 94
73 171 59
73 178 31
73 180 20
73 190 57
73 194 100
73 203 4
73 208 19
73 222 83
73 227 96
73 228 94
73 229 21
73 235 24
73 242 24
73 252 94
73 253 91
73 255 98
74 76 44
74 78 40
74 79 99
74 80 3
74 95 46
74 105 58
74 108 17
74 111 7
74 115 7
74 119 100
74 122 3
74 126 31
74 127 76
74 132 75
74 150 96
74 156 100
74 160 7
74 167 37
74 169 69
74 180 56
74 183 33
74 185 23
74 188 22
74 192 88
74 195 35
74 197 78
74 198 90
74 204 16
74 208 90
74 210 72
74 211 12
74 223 44
74 226 33
74 230 2
74 232 5
74 244 48
74 250 20
74 254 98
75 77 66
75 78 3
75 79 54
75 83 31
75 85 72
75 88 49
75 93 40
75 95 9
75 98 42
75 100 20
75 103 51
75 104 1
75 106 8
75 113 44
75 114 6
75 120 20
75 121 95
75 126 87
75 130 20
75 131 50
75 134 21
75 136 35
75 139 45
75 155 24
75 156 9
75 157 43
75 162 66
75 163 20
75 176 4
75 179 84
75 180 35
75 182 93
75 185 72
75 188 56
75 191 24
75 193 30
75 197 71
75 200 57
75 202 66
75 205 8
75 209 76
75 211 71
75 214 48
75 215 18
75 217 43
75 223 39
75 224 15
75 230 12
75 232 21
75 240 84
75 244 36
75 250 77
75 253 8
76 82 29
76 85 40
76 90 89
76 93 20
76 98 63
76 104 46
76 110 29
76 118 70
76 120 56
76 129 11
76 136 15
76 137 11
76 154 29
76 156 63
76 161 1
76 164 47
76 172 24
76 178 79
76 180 17
76 181 23
76 186 63
76 195 100
76 200 35
76 201 56
76 205 85
76 209 3
76 212 80
76 219 8
76 220 40
76 221 71
76 229 88
76 235 42
76 241 72
76 250 41
77 86 14
77 89 31
77 91 19
77 94 15
77 100 43
77 101 68
77 102 91
77 105 33
77 109 13
77 112 38
77 115 81
77 117 89
77 118 3
77 130 26
77 132 66
77 139 25
77 141 47
77 147 3
77 149 97
77 160 97
77 170 17
77 172 91
77 173 100
77 174 97
77 179 37
77 181 32
77 187 64
77 189 50
77 193 83
77 196 97
77 203 16
77 211 97
77 213 59
77 215 77
77 216 1
77 222 34
77 235 84
77 238 10
77 245 88
77 248 79
77 250 65
77 253 67
78 79 38
78 81 53
78 88 83
78 91 96
78 97 12
78 102 41
78 103 76
78 105 47
78 118 61
78 122 36
78 123 78
78 128 86
78 133 18
78 138 58
78 144 26
78 154 37
78 156 12
78 160 69
78 164 76
78 167 52
78 174 47
78 181 18
78 185 10
78 188 39
78 189 73
78 193 28
78 195 72
78 204 5
78 209 23
78 211 23
78 214 56
78 220 99
78 221 35
78 222 67
78 234 5
78 238 84
78 250 6
78 251 29
79 82 35
79 83 44
79 91 71
79 96 87
79 102 89
79 105 42
79 111 51
79 117 16
79 122 77
79 123 73
79 127 45
79 140 35
79 145 92
79 148 10
79 158 43
79 159 68
79 160 59
79 164 19
79 182 36
79 183 98
79 191 73
79 201 95
79 207 12
79 214 94
79 220 4
79 223 43
79 235 37
79 238 10
79 246 51
79 247 56
79 255 94
80 81 66
80 84 54
80 85 82
80 98 25
80 99 68
80 103 9
80 105 62
80 113 22
80 115 35
80 119 34
80 120 94
80 121 64
80 124 95
80 126 81
80 127 50
80 132 78
80 135 81
80 143 37
80 145 19
80 149 47
80 150 11
80 151 96
80 153 38
80 157 65
80 163 56
80 164 79
80 167 39
80 168 6
80 169 30
80 181 27
80 186 58
80 190 79
80 192 27
80 213 9
80 225 84
80 229 18
80 230 8
80 232 57
80 234 37
80 235 14
80 240 86
80 243 84
80 247 47
80 255 91
81 83 66
81 84 78
81 99 64
81 103 86
81 106 46
81 111 70
81 113 45
81 118 62
81 119 89
81 124 83
81 127 45
81 140 16
81 143 83
81 153 65
81 162 51
81 164 29
81 170 28
81 174 62
81 175 45
81 179 57
81 180 99
81 184 39
81 187 39
81 192 10
81 193 91
81 194 40
81 198 19
81 207 83
81 208 6
81 215 43
81 217 33
81 218 1
81 225 91
81 234 59
81 246 99
81 247 5
81 248 82
81 249 1
81 250 58
81 251 23
82 86 41
82 95 56
82 96 97
82 104 61
82 105 99
82 109 16
82 110 2
82 122 69
82 127 11
82 138 6
82 140 99
82 147 9
82 149 62
82 151 33
82 154 39
82 155 48
82 156 78
82 162 86
82 164 63
82 167 26
82 169 35
82 173 6
82 175 17
82 182 68
82 192 28
82 197 10
82 203 29
82 204 49
82 205 23
82 210 34
82 217 3
82 222 61
82 223 76
82 227 9
82 232 28
82 234 21
82 237 35
82 242 70
82 243 25
82 245 53
82 249 43
82 252 55
83 101 10
83 105 9
83 106 5
83 115 20
83 118 51
83 120 93
83 129 66
83 131 64
83 140 52
83 142 40
83 145 75
83 147 7
83 150 2
83 153 32
83 161 13
83 162 83
83 171 84
83 173 5
83 197 44
83 203 12
83 206 66
83 210 65
83 217 66
83 218 96
83 226 20
83 232 59
83 233 19
83 234 87
83 235 59
83 240 4
83 253 42
83 255 63
84 87 55
84 105 15
84 106 4
84 118 33
84 122 54
84 127 87
84 130 11
84 134 16
84 138 2
84 144 84
84 147 89
84 158 79
84 160 41
84 165 18
84 168 20
84 170 49
84 176 55
84 181 74
84 182 4
84 184 17
84 185 8
84 188 49
84 199 96
84 201 87
84 202 100
84 205 23
84 211 76
84 214 5
84 231 60
84 240 89
84 246 21
84 247 89
84 251 79
84 255 20
85 87 19
85 89 45
85 90 42
85 94 15
85 96 45
85 100 73
85 110 14
85 116 35
85 117 41
85 119 18
85 121 64
85 136 90
85 145 62
85 147 47
85 168 39
85 174 56
85 175 5
85 179 27
85 180 76
85 188 65
85 207 26
85 208 94
85 209 66
85 215 71
85 223 5
85 233 38
85 236 24
85 237 62
85 238 43
85 243 83
85 249 49
85 251 59
85 252 80
86 93 49
86 95 35
86 96 60
86 108 8
86 109 53
86 114 25
86 133 4
86 135 37
86 146 96
86 147 58
86 148 74
86 153 15
86 155 6
86 158 83
86 163 75
86 172 45
86 175 48
86 178 48
86 179 81
86 183 22
86 195 57
86 198 15
86 202 99
86 207 59
86 209 56
86 211 67
86 217 38
86 219 5
86 244 2
86 248 20
86 254 61
87 88 17
87 94 12
87 105 37
87 106 25
87 113 28
87 114 54
87 117 3
87 118 24
87 123 10
87 131 37
87 137 60
87 138 56
87 148 93
87 151 8
87 162 8
87 172 82
87 175 94
87 178 97
87 183 60
87 189 77
87 199 33
87 200 66
87 203 41
87 209 11
87 210 83
87 214 73
87 217 85
87 223 14
87 229 39
87 240 71
87 242 20
87 245 71
87 248 34
87 250 29
87 253 9
87 255 45
88 93 89
88 98 5
88 106 98
88 108 93
88 110 16
88 115 26
88 117 42
88 127 16
88 131 58
88 132 98
88 136 67
88 143 98
88 144 2
88 145 84
88 146 24
88 155 94
88 161 37
88 163 19
88 166 47
88 170 54
88 172 3
88 179 40
88 182 3
88 184 1
88 187 67
88 189 19
88 198 83
88 211 68
88 218 54
88 230 68
88 234 36
88 246 56
89 90 32
89 91 18
89 93 80
89 107 17
89 119 62
89 120 31
89 122 47
89 132 87
89 133 28
89 134 4
89 136 13
89 147 64
89 154 61
89 158 46
89 160 3
89 161 73
89 164 33
89 167 28
89 169 51
89 171 90
89 174 91
89 175 61
89 182 92
89 185 90
89 192 94
89 196 36
89 209 44
89 213 8
89 215 3
89 226 78
89 233 63
89 246 7
89 247 66
89 249 11
90 95 95
90 101 97
90 103 47
90 116 50
90 118 64
90 121 96
90 123 30
90 126 14
90 127 39
90 132 82
90 133 15
90 138 61
90 144 87
90 154 49
90 156 77
90 161 25
90 163 49
90 171 22
90 172 59
90 175 47
90 180 23
90 182 88
90 184 62
90 185 7
90 189 61
90 190 43
90 193 18
90 204 58
90 211 91
90 218 5
90 220 52
90 221 55
90 223 53
90 235 54
90 236 82
90 248 87
90 249 12
90 255 49
91 93 55
91 94 69
91 96 88
91 97 8
91 99 56
91 102 36
91 105 71
91 122 68
91 136 20
91 141 70
91 145 60
91 159 27
91 161 15
91 169 15
91 172 10
91 177 18
91 180 41
91 183 88
91 186 98
91 191 90
91 219 37
91 224 43
91 230 40
91 234 29
91 240 90
91 245 6
91 246 57
91 248 76
91 252 66
92 94 6
92 100 27
92 101 38
92 104 87
92 108 8
92 128 48
92 131 74
92 133 75
92 139 1
92 140 32
92 149 84
92 152 85
92 184 38
92 190 96
92 195 57
92 198 67
92 199 86
92 203 14
92 205 35
92 212 77
92 217 78
92 221 68
92 229 60
92 233 67
92 245 34
92 251 73
93 99 49
93 102 53
93 104 28
93 111 69
93 112 73
93 115 54
93 116 65
93 121 10
93 133 33
93 134 75
93 141 50
93 142 15
93 148 58
93 150 55
93 159 28
93 164 62
93 168 7
93 171 81
93 188 1
93 191 22
93 192 26
93 194 82
93 196 37
93 208 81
93 210 16
93 214 92
93 219 63
93 226 80
93 228 21
93 232 5
93 233 5
93 239 6
93 243 73
93 246 67
93 249 45
93 250 40
94 100 73
94 102 27
94 108 41
94 110 39
94 112 73
94 119 22
94 123 74
94 137 100
94 138 59
94 141 22
94 149 13
94 157 42
94 169 100
94 173 23
94 191 58
94 193 96
94 198 6
94 202 94
94 204 52
94 205 14
94 220 85
94 225 74
94 228 34
94 235 24
94 241 54
94 243 5
94 249 44
94 250 8
94 254 57
95 97 54
95 111 46
95 118 80
95 119 3
95 120 77
95 122 51
95 123 68
95 128 79
95 130 60
95 135 47
95 140 30
95 145 51
95 156 28
95 163 47
95 173 99
95 178 85
95 179 30
95 186 91
95 198 80
95 201 60
95 206 24
95 217 49
95 221 73
95 235 18
95 236 43
95 240 12
95 241 50
95 244 91
95 250 56
95 251 94
95 255 52
96 98 89
96 111 11
96 112 10
96 113 44
96 124 61
96 133 92
96 136 61
96 139 76
96 143 12
96 151 9
96 157 100
96 160 23
96 166 55
96 167 41
96 169 22
96 173 85
96 177 25
96 181 83
96 182 83
96 183 36
96 191 10
96 192 53
96 196 82
96 197 83
96 200 74
96 207 18
96 212 14
96 214 95
96 224 55
96 227 66
96 232 80
96 237 71
96 248 79
97 98 10
97 100 95
97 102 83
97 111 24
97 117 99
97 118 78
97 126 57
97 127 36
97 128 51
97 131 32
97 138 59
97 140 33
97 151 63
97 165 15
97 172 60
97 176 60
97 185 35
97 196 94
97 199 83
97 201 17
97 202 91
97 205 50
97 208 1
97 214 65
97 220 8
97 222 60
97 225 13
97 230 54
97 233 7
97 237 57
97 243 8
97 248 16
98 100 61
98 101 21
98 107 16
98 119 79
98 122 87
98 128 34
98 130 85
98 133 89
98 136 90
98 137 59
98 151 51
98 159 93
98 161 14
98 176 79
98 177 77
98 183 35
98 186 55
98 190 14
98 205 32
98 214 40
98 215 14
98 221 65
98 222 14
98 223 2
98 226 94
98 233 83
98 235 28
98 239 92
98 241 37
98 244 23
98 252 74
98 253 45
99 103 80
99 107 62
99 109 74
99 112 59
99 117 53
99 121 88
99 124 43
99 137 35
99 141 95
99 151 91
99 163 47
99 164 16
99 167 20
99 172 25
99 179 58
99 180 85
99 181 97
99 183 87
99 184 95
99 195 100
99 197 50
99 216 77
99 221 94
99 222 68
99 231 67
99 233 8
99 246 25
99 252 12
99 254 36
100 101 13
100 103 41
100 104 3
100 105 42
100 118 52
100 120 42
100 125 18
100 129 13
100 141 36
100 147 62
100 151 3
100 152 88
100 158 37
100 159 6
100 160 33
100 163 66
100 168 59
100 169 63
100 171 46
100 175 74
100 178 97
100 179 59
100 180 4
100 182 6
100 193 86
100 200 6
100 205 59
100 208 53
100 210 7
100 219 23
100 222 75
100 224 76
100 225 57
100 226 99
100 231 5
100 235 53
100 238 71
100 243 12
100 250 95
100 255 26
101 105 62
101 107 18
101 108 74
101 118 6
101 119 15
101 121 27
101 124 25
101 126 59
101 131 78
101 133 52
101 135 52
101 137 54
101 138 56
101 140 67
101 141 30
101 145 48
101 149 24
101 153 49
101 163 66
101 169 47
101 179 77
101 180 21
101 184 28
101 185 58
101 188 63
101 198 38
101 201 96
101 203 5
101 206 77
101 207 59
101 210 15
101 216 69
101 223 29
101 231 40
101 240 93
101 241 21
101 242 81
101 249 94
101 250 92
101 251 29
101 254 27
102 103 81
102 104 55
102 106 38
102 114 68
102 122 11
102 123 6
102 124 61
102 137 12
102 141 25
102 147 88
102 153 34
102 157 15
102 165 98
102 174 15
102 179 62
102 184 30
102 188 52
102 190 46
102 191 29
102 193 77
102 194 9
102 200 36
102 202 77
102 209 36
102 212 11
102 215 78
102 224 16
102 229 49
102 234 30
102 248 42
102 249 15
102 251 83
103 107 27
103 109 12
103 111 65
103 113 79
103 114 79
103 117 86
103 124 69
103 128 77
103 130 1
103 134 68
103 145 83
103 146 57
103 147 69
103 150 95
103 151 40
103 159 56
103 160 3
103 161 3
103 164 6
103 168 60
103 184 53
103 190 28
103 195 36
103 198 82
103 200 5
103 208 29
103 211 38
103 213 2
103 214 73
103 215 31
103 217 58
103 221 56
103 230 56
103 231 92
103 232 29
103 234 15
103 239 35
103 240 72
103 241 38
103 243 46
103 250 63
104 105 66
104 108 84
104 109 80
104 121 18
104 127 68
104 130 18
104 140 7
104 145 31
104 150 17
104 155 69
104 157 21
104 161 59
104 167 43
104 169 78
104 181 10
104 188 92
104 196 61
104 213 85
104 220 89
104 221 37
104 233 47
104 237 52
104 243 61
104 255 49
105 107 57
105 112 59
105 114 69
105 117 21
105 120 47
105 121 79
105 124 57
105 136 24
105 139 97
105 143 61
105 149 26
105 153 26
105 163 96
105 165 26
105 167 79
105 168 78
105 177 94
105 183 81
105 186 65
105 187 49
105 190 31
105 203 12
105 205 66
105 225 78
105 234 1
105 238 65
105 239 29
105 240 27
105 242 38
105 243 12
105 246 74
105 250 75
106 118 42
106 131 55
106 138 6
106 143 74
106 149 87
106 158 80
106 162 44
106 165 12
106 170 9
106 172 47
106 177 89
106 184 14
106 196 26
106 199 46
106 203 97
106 223 70
106 227 21
106 238 70
106 241 3
106 244 24
106 247 31
106 249 78
106 251 36
107 116 82
107 125 74
107 137 11
107 139 31
107 148 4
107 155 95
107 164 82
107 165 51
107 185 62
107 186 76
107 188 56
107 199 23
107 200 48
107 206 15
107 210 3
107 223 26
107 231 17
107 233 3
107 235 60
107 236 12
107 241 42
107 242 44
107 247 35
107 249 68
107 251 25
107 253 79
108 111 23
108 114 69
108 116 33
108 118 89
108 137 91
108 141 99
108 149 81
108 157 97
108 159 8
108 161 19
108 174 98
108 176 94
108 179 60
108 185 11
108 187 67
108 189 20
108 192 80
108 193 46
108 208 27
108 209 81
108 212 4
108 214 85
108 216 99
108 217 7
108 227 21
108 229 23
108 233 90
108 240 90
109 117 85
109 124 35
109 128 38
109 130 59
109 132 1
109 136 1
109 146 60
109 161 67
109 180 84
109 181 25
109 188 38
109 189 83
109 193 93
109 197 83
109 201 66
109 203 9
109 221 57
109 222 90
109 223 27
109 226 74
109 229 55
109 232 54
109 234 76
109 235 5
109 243 24
109 244 77
109 245 14
109 248 91
109 252 37
110 121 97
110 132 46
110 145 29
110 153 23
110 158 63
110 165 98
110 167 88
110 177 65
110 178 59
110 201 61
110 202 27
110 206 99
110 223 66
110 231 58
110 245 66
110 249 65
110 250 33
111 117 51
111 118 9
111 124 15
111 126 89
111 127 21
111 145 30
111 148 57
111 152 75
111 167 17
111 172 9
111 185 88
111 189 76
111 193 71
111 198 10
111 201 70
111 202 68
111 203 39
111 207 83
111 213 70
111 214 91
111 220 72
111 223 33
111 224 41
111 229 13
111 235 17
111 244 77
111 253 86
112 115 60
112 119 84
112 121 83
112 127 64
112 129 45
112 130 47
112 131 90
112 138 43
112 141 100
112 144 51
112 151 87
112 154 9
112 158 23
112 163 9
112 170 64
112 172 3
112 175 1
112 182 7
112 187 86
112 191 52
112 197 10
112 206 95
112 207 59
112 212 45
112 225 50
112 226 55
112 233 51
112 247 95
112 248 31
112 249 56
112 254 2
113 114 74
113 116 53
113 118 52
113 119 12
113 133 77
113 134 66
113 143 16
113 144 71
113 157 24
113 158 71
113 159 89
113 166 63
113 167 69
113 169 6
113 172 60
113 176 33
113 181 89
113 183 49
113 190 14
113 197 66
113 198 61
113 201 58
113 203 27
113 217 17
113 220 99
113 223 62
113 232 62
113 234 20
113 236 90
113 245 45
113 246 74
113 247 24
113 249 5
113 251 77
113 254 78
114 121 64
114 125 23
114 139 50
114 145 86
114 148 29
114 162 19
114 166 40
114 173 84
114 178 69
114 186 95
114 195 22
114 200 16
114 202 23
114 206 84
114 210 70
114 220 31
114 222 40
114 224 9
114 225 28
114 237 94
114 238 83
114 245 5
114 247 51
114 255 61
115 117 48
115 119 84
115 128 7
115 130 88
115 136 86
115 140 88
115 141 18
115 150 45
115 152 1
115 158 89
115 160 51
115 162 69
115 164 53
115 169 33
115 170 3
115 175 8
115 180 49
115 187 100
115 188 79
115 192 93
115 194 68
115 197 15
115 201 52
115 202 70
115 212 3
115 226 59
115 236 55
115 242 76
115 243 70
116 124 83
116 127 3
116 131 57
116 135 26
116 149 20
116 153 19
116 154 22
116 155 6
116 158 97
116 164 54
116 168 31
116 173 11
116 174 50
116 176 69
116 177 87
116 178 53
116 182 16
116 186 75
116 199 3
116 202 96
116 211 53
116 215 14
116 224 23
116 225 13
116 230 21
116 231 15
116 232 1
116 233 20
116 234 5
116 235 97
116 239 7
116 245 19
116 249 3
116 251 39
117 122 62
117 123 57
117 124 52
117 129 96
117 136 37
117 139 26
117 149 43
117 154 97
117 156 28
117 159 8
117 160 7
117 168 65
117 173 99
117 182 60
117 190 91
117 198 49
117 200 56
117 205 51
117 208 66
117 212 77
117 220 59
117 225 12
117 230 10
117 231 71
117 239 34
117 241 62
117 250 44
117 254 17
118 120 68
118 123 2
118 124 52
118 126 75
118 131 50
118 137 30
118 139 29
118 143 78
118 160 85
118 163 19
118 165 57
118 167 58
118 170 87
118 171 4
118 183 86
118 184 84
118 195 89
118 200 31
118 211 54
118 217 26
118 230 63
118 232 9
118 237 30
118 243 31
118 246 82
119 123 73
119 138 25
119 149 12
119 158 12
119 163 62
119 166 34
119 172 18
119 173 15
119 183 75
119 186 54
119 197 42
119 201 47
119 210 86
119 214 93
119 218 28
119 219 32
119 220 19
119 223 74
119 226 47
119 232 93
119 241 96
119 242 76
119 243 70
119 247 8
119 252 91
119 254 97
119 255 98
120 126 65
120 130 65
120 137 56
120 141 57
120 144 11
120 145 69
120 147 79
120 155 38
120 167 67
120 169 92
120 171 15
120 177 53
120 182 59
120 184 60
120 189 61
120 190 4
120 202 28
120 204 90
120 205 30
120 216 56
120 241 27
120 246 88
120 249 41
120 254 19
121 126 53
121 127 35
121 129 11
121 130 16
121 134 29
121 154 21
121 165 58
121 170 14
121 177 20
121 185 84
121 191 49
121 194 60
121 203 64
121 205 49
121 215 62
121 220 38
121 224 65
121 228 35
121 231 61
121 233 32
121 237 10
121 238 57
121 243 33
121 251 26
121 252 55
122 125 37
122 134 47
122 144 68
122 148 8
122 156 95
122 166 68
122 177 9
122 179 51
122 182 67
122 184 81
122 186 68
122 200 1
122 202 22
122 208 7
122 209 68
122 211 47
122 214 17
122 215 24
122 237 86
122 242 27
122 245 32
122 246 72
122 250 71
122 251 90
122 255 21
123 124 58
123 127 80
123 128 30
123 137 13
123 149 17
123 152 34
123 154 32
123 163 73
123 169 70
123 182 36
123 186 51
123 187 79
123 188 76
123 191 98
123 194 53
123 206 43
123 208 24
123 213 46
123 216 76
123 227 65
123 235 80
123 240 29
123 250 76
123 251 17
124 129 11
124 143 37
124 145 79
124 152 49
124 156 44
124 157 62
124 159 36
124 165 27
124 175 22
124 183 89
124 185 26
124 188 9
124 189 66
124 198 21
124 199 100
124 205 26
124 212 84
124 221 36
124 222 73
124 239 94
124 242 20
124 254 67
124 255 10
125 126 22
125 128 46
125 133 37
125 136 4
125 137 100
125 140 41
125 144 13
125 145 88
125 147 2
125 148 35
125 149 99
125 151 64
125 166 57
125 168 13
125 169 15
125 172 7
125 198 52
125 199 71
125 201 46
125 209 61
125 223 75
125 232 88
125 233 67
125 237 36
125 239 54
126 130 32
126 132 67
126 133 83
126 136 67
126 141 67
126 143 81
126 144 81
126 147 8
126 151 80
126 168 21
126 169 51
126 174 23
126 177 53
126 190 36
126 193 99
126 197 29
126 218 70
126 221 34
126 222 8
126 223 86
126 230 22
126 232 57
126 236 19
127 128 44
127 134 67
127 135 43
127 161 7
127 162 53
127 166 56
127 168 11
127 172 28
127 182 92
127 185 15
127 193 11
127 198 15
127 200 72
127 202 92
127 205 24
127 206 57
127 209 80
127 219 5
127 225 73
128 130 18
128 139 23
128 142 22
128 143 19
128 144 91
128 158 70
128 163 98
128 168 96
128 173 3
128 182 15
128 184 43
128 185 27
128 189 40
128 190 100
128 199 83
128 200 82
128 206 45
128 207 5
128 208 32
128 209 19
128 213 10
128 220 79
128 223 30
128 226 65
128 232 61
128 241 28
128 245 29
128 248 61
128 252 63
128 254 18
129 133 64
129 145 18
129 162 6
129 172 31
129 183 18
129 186 5
129 187 1
129 198 3
129 200 97
129 202 55
129 206 10
129 216 11
129 218 58
129 219 27
129 220 84
129 223 2
129 224 93
129 232 10
129 233 44
129 240 36
129 244 51
129 250 18
129 254 38
130 135 82
130 151 58
130 155 21
130 158 53
130 160 4
130 175 68
130 176 47
130 188 46
130 190 45
130 202 4
130 207 26
130 209 23
130 213 21
130 215 44
130 220 86
130 232 38
130 233 55
130 240 58
130 244 72
130 253 28
130 255 92
131 134 24
131 138 14
131 142 53
131 149 10
131 173 93
131 176 36
131 182 94
131 184 31
131 193 33
131 203 6
131 209 94
131 219 10
131 226 16
131 231 17
131 234 91
131 240 38
131 246 71
131 247 53
131 248 37
131 251 100
131 253 1
131 254 82
132 133 95
132 136 40
132 137 90
132 140 76
132 141 57
132 147 73
132 151 45
132 152 56
132 154 52
132 160 87
132 166 90
132 169 75
132 172 26
132 178 44
132 185 71
132 190 71
132 202 3
132 204 65
132 211 38
132 216 61
132 218 2
132 220 7
132 223 80
132 230 37
132 234 85
132 235 52
132 237 12
132 243 3
132 248 29
132 249 68
132 255 34
133 139 54
133 145 11
133 160 56
133 165 75
133 174 36
133 175 59
133 180 59
133 182 98
133 193 68
133 206 93
133 224 68
133 226 80
133 231 73
133 236 5
133 244 84
133 251 41
134 138 69
134 144 99
134 145 46
134 150 38
134 157 36
134 158 5
134 165 1
134 171 92
134 176 17
134 180 82
134 183 56
134 184 11
134 188 85
134 203 29
134 207 34
134 211 25
134 214 60
134 217 84
134 222 63
134 224 6
134 233 1
134 239 77
134 241 15
134 244 71
134 249 12
134 250 47
134 254 3
135 138 88
135 141 82
135 168 61
135 172 11
135 177 11
135 182 1
135 191 92
135 200 66
135 202 94
135 210 89
135 212 68
135 213 100
135 218 93
135 228 31
135 239 91
135 241 30
136 139 8
136 143 34
136 150 42
136 160 29
136 167 11
136 168 65
136 177 61
136 179 46
136 181 27
136 184 18
136 185 8
136 187 87
136 191 21
136 196 32
136 197 8
136 206 52
136 212 8
136 216 26
136 229 49
136 230 70
136 233 17
136 245 68
136 248 31
137 139 3
137 146 67
137 147 16
137 153 92
137 154 59
137 156 8
137 160 1
137 177 54
137 178 47
137 179 64
137 180 89
137 183 85
137 184 36
137 190 19
137 191 50
137 194 24
137 207 21
137 210 12
137 211 29
137 223 28
137 235 52
137 239 30
137 242 22
137 244 1
137 245 53
137 246 27
137 249 98
137 255 10
138 145 11
138 150 61
138 167 64
138 169 93
138 171 47
138 174 68
138 187 34
138 195 91
138 200 92
138 206 79
138 210 4
138 216 40
138 228 39
138 243 90
138 250 70
139 141 42
139 146 19
139 151 54
139 160 62
139 165 27
139 172 17
139 177 13
139 178 59
139 187 69
139 190 53
139 192 41
139 195 25
139 197 83
139 198 24
139 208 47
139 213 12
139 218 58
139 222 2
139 231 87
139 235 39
139 237 42
140 144 48
140 150 88
140 166 49
140 167 10
140 172 42
140 174 90
140 177 40
140 182 96
140 187 76
140 191 81
140 200 31
140 203 93
140 211 14
140 213 45
140 220 92
140 225 71
140 226 69
140 234 31
140 238 62
140 242 7
140 244 88
140 245 4
140 253 75
140 254 58
140 255 80
141 143 77
141 144 46
141 145 93
141 152 41
141 158 56
141 164 12
141 165 10
141 180 40
141 182 56
141 184 37
141 214 59
141 215 7
141 221 30
141 223 47
141 224 15
141 225 93
141 238 99
141 244 35
142 144 7
142 145 86
142 155 60
142 156 2
142 158 30
142 160 85
142 166 41
142 167 56
142 171 78
142 174 97
142 180 53
142 181 49
142 189 35
142 191 66
142 197 27
142 199 32
142 209 45
142 210 7
142 214 35
142 217 11
142 218 41
142 219 77
142 220 11
142 221 63
142 225 89
142 226 28
142 227 40
142 231 25
142 236 66
142 237 95
142 241 44
142 250 3
142 254 66
143 148 61
143 150 65
143 155 95
143 160 65
143 165 55
143 166 4
143 177 42
143 180 74
143 195 74
143 201 17
143 203 28
143 206 46
143 207 7
143 208 42
143 210 73
143 213 35
143 228 10
143 230 44
143 231 31
143 235 26
143 240 86
143 246 8
143 248 86
143 249 57
143 250 89
144 146 100
144 152 89
144 155 63
144 157 17
144 159 12
144 162 97
144 163 6
144 180 3
144 183 64
144 185 79
144 189 33
144 191 83
144 194 89
144 217 76
144 226 89
144 230 79
144 231 90
144 250 13
144 255 68
145 157 13
145 166 58
145 168 21
145 174 64
145 187 35
145 189 26
145 203 87
145 204 4
145 207 16
145 218 65
145 224 92
145 230 70
145 233 70
145 235 39
145 236 47
145 237 80
145 240 68
145 252 41
146 147 80
146 152 38
146 156 16
146 163 19
146 165 41
146 175 14
146 177 11
146 181 73
146 182 82
146 188 40
146 194 50
146 198 4
146 200 58
146 206 75
146 229 95
146 232 26
146 236 5
146 239 54
146 242 52
146 252 13
147 149 67
147 155 57
147 160 76
147 165 92
147 166 19
147 167 89
147 169 89
147 172 26
147 176 35
147 181 95
147 184 78
147 188 17
147 195 29
147 199 99
147 202 57
147 209 90
147 223 63
147 225 95
147 226 82
147 227 18
147 232 15
147 234 15
147 247 95
147 251 5
148 152 99
148 166 80
148 168 28
148 170 14
148 176 36
148 182 17
148 188 83
148 191 36
148 193 44
148 199 80
148 200 95
148 201 9
148 211 14
148 224 19
148 229 31
148 231 92
148 243 57
148 248 34
148 251 29
148 252 96
148 255 91
149 155 94
149 156 20
149 162 92
149 165 60
149 179 92
149 180 82
149 182 1
149 185 33
149 186 63
149 189 13
149 190 11
149 191 77
149 193 79
149 196 37
149 198 85
149 202 70
149 205 3
149 206 90
149 212 68
149 213 83
149 232 81
149 240 94
149 245 99
149 249 50
149 255 2
150 152 28
150 158 59
150 159 83
150 171 33
150 173 44
150 178 96
150 189 25
150 192 10
150 195 79
150 199 49
150 200 65
150 201 20
150 202 95
150 213 12
150 214 55
150 215 12
150 224 39
150 225 22
150 227 7
150 230 98
150 234 99
151 155 8
151 161 97
151 167 80
151 173 7
151 177 83
151 179 62
151 180 60
151 183 11
151 185 20
151 186 43
151 188 41
151 189 45
151 197 21
151 225 72
151 226 90
151 230 53
151 237 39
151 241 13
151 243 20
151 244 71
151 245 91
151 249 79
151 250 68
152 159 89
152 162 40
152 171 39
152 173 42
152 178 87
152 182 24
152 185 58
152 186 22
152 187 68
152 188 31
152 189 9
152 193 67
152 203 84
152 223 55
152 228 46
152 240 70
152 243 69
152 252 86
152 253 15
153 157 71
153 162 66
153 165 45
153 166 98
153 173 35
153 176 84
153 179 85
153 188 71
153 198 5
153 204 79
153 209 32
153 213 60
153 214 20
153 222 25
153 228 11
153 239 55
153 240 51
153 241 9
153 243 89
153 246 22
153 247 44
153 249 93
153 251 53
153 252 20
153 254 88
154 158 59
154 170 1
154 171 95
154 188 38
154 191 51
154 192 87
154 194 23
154 200 54
154 201 37
154 208 23
154 215 27
154 220 60
154 223 18
154 224 97
154 225 79
154 233 71
154 238 9
154 253 80
155 158 41
155 162 61
155 168 90
155 171 97
155 173 23
155 176 47
155 177 100
155 183 83
155 184 3
155 186 6
155 193 7
155 194 16
155 196 48
155 214 3
155 217 37
155 226 47
155 228 97
155 235 7
155 237 78
155 244 51
156 157 9
156 172 67
156 174 25
156 176 5
156 178 80
156 182 65
156 188 60
156 191 6
156 192 46
156 194 23
156 198 88
156 209 98
156 216 17
156 217 42
156 226 60
156 227 100
156 230 15
156 246 4
156 247 99
156 250 77
156 251 99
156 252 67
156 254 39
156 255 53
157 163 22
157 170 35
157 171 76
157 185 98
157 186 19
157 187 93
157 204 5
157 206 57
157 210 73
157 227 24
157 229 67
157 233 50
157 240 12
157 243 62
157 244 99
157 246 85
157 250 90
158 160 77
158 161 11
158 166 69
158 172 14
158 174 22
158 177 6
158 184 40
158 185 12
158 187 25
158 192 7
158 196 47
158 199 78
158 207 12
158 223 57
158 225 48
158 231 57
158 232 31
158 234 60
158 237 97
158 243 65
158 249 25
158 253 48
158 254 91
159 161 71
159 162 24
159 166 53
159 179 59
159 184 1
159 186 9
159 187 71
159 188 1
159 190 91
159 195 39
159 204 88
159 211 93
159 216 65
159 221 37
159 223 91
159 224 30
159 229 45
159 231 88
159 233 4
159 243 7
159 244 28
159 251 64
159 254 71
160 167 46
160 172 14
160 173 4
160 179 98
160 180 87
160 186 88
160 190 24
160 193 76
160 198 14
160 220 83
160 223 48
160 232 29
160 233 12
160 237 6
160 243 56
160 249 40
160 250 63
161 165 72
161 166 65
161 182 74
161 189 39
161 190 26
161 196 34
161 198 32
161 201 12
161 205 13
161 209 10
161 212 77
161 219 91
161 220 80
161 221 62
161 222 49
161 227 6
161 236 39
161 239 99
161 245 6
161 250 100
161 251 65
162 166 38
162 175 4
162 176 45
162 180 61
162 182 17
162 185 15
162 196 7
162 210 72
162 211 69
162 216 82
162 219 59
162 221 72
162 228 97
162 233 20
162 243 91
162 253 30
163 164 22
163 167 89
163 169 8
163 171 38
163 172 47
163 178 12
163 189 6
163 192 52
163 198 79
163 205 77
163 206 16
163 212 50
163 213 43
163 217 75
163 223 54
163 227 15
163 229 20
163 235 96
163 239 4
163 243 2
163 244 63
163 246 67
163 248 81
163 249 15
163 253 57
164 173 40
164 186 84
164 189 72
164 194 89
164 202 2
164 208 39
164 223 68
164 225 27
164 227 97
164 228 80
164 229 19
164 235 93
164 237 17
164 238 16
164 239 41
164 244 2
164 249 18
164 252 86
165 166 54
165 179 61
165 184 27
165 185 48
165 197 97
165 198 7
165 199 66
165 200 81
165 201 19
165 202 11
165 205 39
165 213 12
165 217 68
165 225 86
165 226 87
165 240 58
165 243 59
165 245 22
165 247 47
165 250 15
166 183 24
166 189 27
166 192 88
166 198 55
166 202 54
166 208 17
166 215 37
166 219 49
166 220 39
166 241 48
166 242 25
166 244 50
166 247 24
166 254 69
167 169 61
167 178 93
167 180 11
167 183 56
167 189 82
167 200 88
167 204 42
167 205 70
167 208 66
167 212 88
167 213 34
167 217 98
167 218 12
167 227 36
167 230 55
167 231 31
167 234 1
167 240 37
167 241 93
167 250 58
167 251 30
168 175 91
168 177 13
168 179 65
168 182 72
168 194 24
168 200 96
168 201 75
168 203 55
168 205 59
168 221 17
168 230 27
168 235 21
168 238 31
168 244 86
168 245 12
168 249 85
169 176 83
169 187 20
169 188 100
169 192 37
169 197 14
169 202 30
169 206 85
169 209 50
169 210 9
169 213 92
169 221 64
169 222 92
169 232 98
169 233 77
169 239 21
169 242 5
169 248 93
169 251 73
169 254 5
169 255 73
170 180 62
170 182 28
170 186 2
170 194 88
170 195 76
170 198 50
170 199 21
170 200 56
170 203 6
170 205 37
170 209 48
170 213 35
170 217 64
170 221 84
170 227 27
170 234 29
170 244 2
170 247 16
170 253 39
171 176 25
171 177 42
171 182 31
171 194 16
171 196 89
171 201 73
171 203 16
171 208 58
171 215 50
171 221 17
171 225 23
171 226 61
171 227 100
171 229 78
171 233 34
171 235 50
171 237 45
171 239 56
171 247 14
171 249 72
171 254 75
172 187 15
172 190 59
172 195 72
172 198 74
172 203 13
172 219 75
172 224 78
172 230 72
172 235 98
172 243 58
172 248 6
172 250 87
173 183 15
173 185 62
173 197 93
173 200 51
173 211 26
173 216 84
173 224 13
173 229 63
173 237 9
173 241 88
173 242 56
173 247 69
173 249 72
173 253 28
174 176 84
174 179 95
174 181 92
174 191 95
174 194 51
174 196 77
174 198 94
174 204 66
174 208 19
174 210 76
174 211 20
174 214 37
174 215 40
174 221 91
174 223 84
174 240 59
174 246 23
174 248 3
174 254 83
174 255 9
175 176 22
175 178 52
175 183 17
175 184 98
175 186 51
175 189 73
175 207 17
175 214 62
175 223 73
175 228 41
175 229 14
175 243 12
175 253 24
176 182 81
176 185 37
176 189 2
176 193 50
176 196 88
176 200 32
176 203 72
176 211 96
176 218 71
176 219 78
176 220 79
176 228 32
176 235 95
176 237 24
176 238 45
176 240 21
176 241 87
176 249 18
176 255 99
177 180 43
177 181 53
177 184 99
177 187 43
177 189 87
177 192 56
177 195 4
177 199 51
177 202 91
177 205 91
177 206 99
177 211 31
177 214 23
177 216 87
177 222 41
177 223 77
177 232 92
178 179 46
178 184 49
178 197 27
178 199 23
178 200 74
178 201 34
178 205 45
178 212 91
178 218 70
178 224 15
178 228 91
178 229 35
178 230 72
178 231 93
178 245 85
179 182 6
179 185 78
179 186 96
179 205 82
179 209 1
179 211 7
179 218 78
179 232 21
179 241 39
179 244 16
179 246 30
180 190 32
180 202 32
180 213 9
180 218 25
180 222 34
180 224 25
180 225 27
180 227 80
180 230 2
180 236 44
180 237 77
180 249 57
180 252 5
181 185 100
181 188 90
181 191 63
181 205 87
181 211 36
181 218 49
181 220 19
181 225 5
181 228 23
181 231 55
181 240 22
181 248 96
181 252 42
182 183 70
182 185 94
182 192 85
182 208 75
182 217 96
182 218 30
182 233 72
182 235 29
182 247 36
182 248 68
182 249 43
182 250 57
183 185 45
183 187 39
183 189 18
183 192 55
183 193 42
183 196 41
183 202 22
183 208 23
183 209 62
183 216 6
183 221 34
183 222 12
183 223 38
183 228 45
183 234 94
183 236 83
183 240 35
183 243 8
183 245 23
183 248 75
183 254 97
184 191 34
184 196 71
184 202 37
184 204 90
184 212 98
184 213 51
184 239 68
184 246 98
185 187 90
185 198 48
185 199 19
185 207 82
185 211 83
185 216 43
185 218 67
185 219 35
185 230 85
185 233 4
185 249 5
185 250 96
185 252 36
186 190 29
186 195 98
186 197 22
186 204 40
186 206 81
186 208 75
186 212 82
186 214 3
186 217 21
186 218 82
186 220 14
186 224 83
186 226 66
186 227 53
186 229 13
186 234 85
186 235 23
186 242 17
186 254 61
186 255 82
187 189 74
187 193 19
187 194 74
187 198 42
187 202 3
187 209 50
187 219 41
187 231 47
187 232 92
187 234 25
188 191 48
188 192 89
188 193 72
188 199 97
188 206 51
188 215 98
188 224 26
188 232 97
188 234 18
188 239 47
188 242 14
188 248 85
188 250 34
188 255 27
189 190 55
189 191 44
189 199 38
189 201 9
189 205 2
189 231 98
189 241 32
189 245 16
189 246 63
189 249 50
189 252 59
190 200 92
190 217 51
190 233 78
190 239 46
190 242 28
190 244 50
190 250 54
190 252 18
191 203 70
191 205 96
191 230 31
191 242 75
191 243 51
191 254 46
192 196 94
192 200 11
192 203 39
192 206 7
192 207 79
192 217 57
192 226 50
192 228 66
192 230 38
192 231 90
192 248 14
192 249 44
192 254 69
193 196 36
193 197 13
193 199 52
193 205 100
193 207 42
193 208 66
193 211 66
193 214 78
193 217 37
193 219 82
193 224 40
193 229 77
193 233 62
193 234 26
193 238 56
193 239 91
193 240 33
193 241 60
193 243 61
194 195 29
194 201 21
194 202 73
194 204 85
194 212 19
194 214 3
194 218 66
194 224 11
194 232 7
194 236 44
194 239 23
194 243 84
195 198 91
195 200 9
195 201 22
195 202 85
195 204 4
195 208 92
195 210 52
195 235 57
195 241 39
195 244 10
195 248 24
195 249 97
195 250 49
195 253 92
196 197 56
196 204 79
196 205 29
196 215 91
196 217 87
196 225 67
196 244 22
196 250 14
196 251 25
197 201 32
197 203 66
197 207 18
197 220 5
197 222 83
197 223 71
197 224 8
197 226 82
197 236 6
197 239 72
197 242 57
197 245 84
197 255 2
198 199 82
198 201 77
198 211 2
198 216 12
198 217 54
198 219 28
198 224 71
198 230 72
198 233 8
198 242 57
198 243 46
198 246 2
198 247 15
199 210 48
199 214 53
199 219 98
199 222 92
199 233 34
199 234 4
199 236 57
199 238 71
199 240 37
199 241 97
199 242 91
199 246 45
199 248 29
199 250 85
199 251 91
199 255 91
200 201 74
200 211 37
200 219 49
200 220 96
200 222 46
200 227 66
200 228 62
200 231 56
200 241 78
200 248 83
200 249 63
200 254 4
201 204 24
201 212 59
201 217 45
201 221 99
201 226 56
201 251 67
201 254 30
202 205 88
202 209 75
202 215 92
202 219 34
202 224 13
202 232 83
202 240 22
202 248 21
203 208 86
203 213 34
203 218 18
203 220 54
203 224 79
203 236 74
203 240 40
203 241 94
203 243 51
203 245 44
203 247 12
203 250 23
203 251 1
204 211 26
204 222 56
204 234 56
204 238 11
204 240 12
204 242 28
204 243 28
204 250 18
204 251 38
205 207 94
205 208 54
205 217 24
205 224 35
205 226 84
205 233 66
205 240 55
205 253 92
206 209 1
206 211 15
206 220 90
206 229 42
206 230 93
206 231 69
206 235 79
206 237 22
206 242 97
206 252 73
206 253 31
206 254 17
207 216 53
207 218 36
207 219 17
207 227 82
207 228 13
207 231 51
207 232 36
207 234 6
207 239 61
207 249 13
208 212 23
208 213 86
208 219 50
208 228 39
208 229 85
208 246 53
209 231 16
209 233 2
209 235 34
209 245 31
209 247 17
209 248 36
209 252 81
209 254 86
209 255 80
210 212 73
210 213 74
210 218 9
210 231 52
210 234 38
210 235 94
210 238 27
210 241 76
210 251 38
211 216 65
211 219 54
211 230 1
211 240 6
211 243 62
212 233 50
212 238 55
212 242 26
212 243 70
212 245 98
212 248 9
212 255 73
213 226 76
213 230 49
213 235 51
213 238 35
213 246 19
213 250 30
213 253 49
213 254 50
214 217 22
214 220 82
214 224 45
214 225 83
214 234 59
214 241 69
214 243 19
214 244 61
214 245 47
214 251 92
214 253 23
215 228 88
215 237 46
215 244 26
215 246 45
215 247 91
215 251 65
215 255 8
216 217 56
216 222 24
216 224 35
216 225 9
216 227 2
216 228 74
216 247 88
216 249 76
216 253 65
217 218 14
217 219 57
217 221 92
217 223 44
217 224 77
217 237 92
217 241 69
217 242 35
217 246 53
217 255 10
218 221 3
218 222 38
218 239 79
218 242 24
218 249 3
218 255 57
219 224 35
219 227 30
219 236 15
219 238 1
219 244 62
219 246 53
219 247 21
220 232 72
220 243 4
220 254 6
220 255 36
221 231 81
221 243 58
221 244 72
221 245 10
222 224 34
222 227 8
222 229 2
222 230 81
222 234 38
222 239 75
222 247 3
222 250 51
222 254 22
223 227 92
223 234 24
223 249 53
223 251 19
224 228 8
224 238 6
224 243 53
225 228 14
225 229 20
225 231 88
225 234 92
225 239 4
225 241 42
225 247 60
225 249 10
225 254 96
226 231 39
226 233 59
226 234 23
226 237 45
226 238 21
226 241 9
226 242 6
226 249 62
226 252 86
227 228 80
227 238 16
227 240 67
227 242 38
227 250 65
227 251 98
228 239 22
228 244 46
228 255 12
229 230 1
229 235 95
229 240 47
229 241 18
229 243 5
229 244 80
229 248 65
229 249 41
229 250 79
229 255 41
230 231 33
230 237 14
230 240 39
230 244 39
230 246 89
230 251 1
231 246 89
231 247 81
231 248 90
231 250 72
232 235 9
232 245 1
232 246 14
232 247 25
232 249 72
232 251 33
232 254 85
232 255 38
233 237 98
233 239 62
233 250 37
234 237 26
234 243 34
234 245 82
234 249 18
234 251 56
235 241 65
235 252 33
235 255 32
236 237 60
236 243 60
236 245 53
237 239 62
237 240 59
237 243 43
237 250 81
237 252 26
237 255 92
238 251 71
238 255 4
239 241 25
239 248 37
240 243 43
240 251 53
240 255 58
241 245 81
241 253 63
242 245 11
243 247 68
243 248 64
244 247 43
245 246 27
245 247 31
245 248 17
245 251 19
246 248 63
246 249 72
246 250 83
246 252 98
246 254 63
248 254 62
249 250 34
249 254 65
249 255 35
250 251 31
250 255 16
251 252 90
251 253 86
