8 20
0 1 30
0 3 43
0 4 31
0 5 13
0 6 63
0 7 13
1 3 20
1 4 43
1 6 15
1 7 3
2 4 22
2 5 22
2 6 1
3 5 26
3 6 47
3 7 41
4 6 39
5 6 28
5 7 52
6 7 57

The distance from 0 to each vertex is:
  v    dist 0->v
----   ---------
  1         16
  2         32
  3         36
  4         31
  5         13
  6         31
  7         13

The shortest path from 0 to each vertex is:
  v     Path 0->v
----    ---------
  1:    0 7 1 
  2:    0 7 1 6 2 
  3:    0 7 1 3 
  4:    0 4 
  5:    0 5 
  6:    0 7 1 6 
  7:    0 7 

